247
248
253
257
261
261
297
299
301
331
338
339
341
342
344
345
348
351
352
355
356
357
361
363
364
365
366
368
369
370
371
373
374
375
376
378
379
380
381
384
385
386
387
388
389
389
390
393
397
398
399
400
401
402
403
404
405
406
407
408
409
409
410
411
412
413
414
415
416
417
418
419
420
420
422
423
423
424
425
426
428
429
430
431
431
432
434
435
436
436
438
439
440
441
442
226
243
244
246
247
248
249
250
252
253
257
258
259
261
262
263
264
267
268
269
270
272
273
274
275
276
277
282
284
285
286
287
292
293
294
295
296
298
300
303
304
305
307
309
310
311
314
316
317
320
323
324
325
328
329
330
500
501
502
504
507
508
509
510
512
513
514
515
517
518
519
520
523
524
527
533
534
541
542
543
544
548
702
703
704
705
707
708
709
710
711
713
714
715
716
717
719
720
721
722
723
724
725
726
727
728
729
730
731
732
733
734
737
738
739
740
741
742
743
744
745
746
747
748
749
750
751
752
753
754
755
756
757
758
759
760
761
762
763
764
765
766
767
768
769
770
771
772
773
774
775
776
777
778
779
782
783
784
785
786
787
788
789
791
792
793
804
805
806
807
808
810
811
812
813
814
815
816
817
818
819
820
821
822
823
824
825
826
827
828
829
830
831
832
833
834
835
836
837
838
839
840
841
842
843
844
845
846
847
848
849
850
851
852
853
854
855
856
857
858
859
860
861
862
863
864
865
866
867
868
869
870
871
872
873
874
875
876
877
878
879
880
881
882
883
884
885
886
888
889
890
891
892
893
894
895
896
897
898
899
900
901
902
903
904
905
906
907
908
909
910
911
912
913
914
915
916
